0      0.9    22      25    0.967177565217391    0.00348178260869565     0.00348178260869565
0      0.9    25      30    0.974200217391304    0.00176052173913043     0.00176052173913043
0      0.9    30      40    0.981136260869565    0.000729347826086956    0.000729347826086956
0      0.9    40      50    0.983747869565217    0.000815939695652174    0.000815939695652174
0      0.9    50      60    0.984565782608696    0.00116908695652174     0.00116908695652174
0      0.9    60      120   0.984223000000000    0.00153769565217391     0.00153769565217391
0      0.9    120     500   1.                   0.00153769565217391     0.00153769565217391
0.9    1.2    22      25    0.964542173913043    0.0058520000000000      0.0058520000000000
0.9    1.2    25      30    0.975358652173913    0.00344304347826087     0.00344304347826087
0.9    1.2    30      40    0.978447913043478    0.0015084347826087      0.0015084347826087
0.9    1.2    40      50    0.979663869565217    0.000901739130434783    0.000901739130434783
0.9    1.2    50      60    0.976683043478261    0.00231504347826087     0.00231504347826087
0.9    1.2    60      120   0.973610130434783    0.00325921739130435     0.00325921739130435
0.9    1.2    120     500   1.                   0.00325921739130435     0.00325921739130435
1.2    2.1    22      25    0.984493130434783    0.00380908695652174     0.00380908695652174
1.2    2.1    25      30    0.990017086956522    0.00223121739130435     0.00223121739130435
1.2    2.1    30      40    0.990104434782609    0.00107982608695652     0.00107982608695652
1.2    2.1    40      50    0.991459608695652    0.0008040000000000      0.0008040000000000
1.2    2.1    50      60    0.993176391304348    0.00166247826086957     0.00166247826086957
1.2    2.1    60      120   0.993355434782609    0.00231330434782609     0.00231330434782609
1.2    2.1    120     500   1.                   0.00231330434782609     0.00231330434782609  
2.1    2.4    22      25    0.959095260869565    0.00937091304347826     0.00937091304347826
2.1    2.4    25      30    0.980675304347826    0.00556630434782609     0.00556630434782609
2.1    2.4    30      40    0.993027826086956    0.00278569565217391     0.00278569565217391
2.1    2.4    40      50    0.995303086956522    0.00183352173913043     0.00183352173913043
2.1    2.4    50      60    0.991687913043478    0.00468434782608696     0.00468434782608696
2.1    2.4    60      120   0.995342130434783    0.00687486956521739     0.00687486956521739
2.1    2.4    120     500   1.                   0.00687486956521739     0.00687486956521739
